28
1 0.500000 0.500000 0.500000 0 0 0 0 0 0
1 1.500000 0.500000 0.500000 0 0 0 0 0 0
1 2.500000 0.500000 0.500000 0 0 0 0 0 0
1 0.500000 1.500000 0.500000 0 0 0 0 0 0
1 1.500000 1.500000 0.500000 0 0 0 0 0 0
1 2.500000 1.500000 0.500000 0 0 0 0 0 0
1 0.500000 2.500000 0.500000 0 0 0 0 0 0
1 1.500000 2.500000 0.500000 0 0 0 0 0 0
1 2.500000 2.500000 0.500000 0 0 0 0 0 0
1 0.500000 0.500000 1.500000 0 0 0 0 0 0
1 1.500000 0.500000 1.500000 0 0 0 0 0 0
1 2.500000 0.500000 1.500000 0 0 0 0 0 0
1 0.500000 1.500000 1.500000 0 0 0 0 0 0
1 1.500000 1.500000 1.500000 0 0 0 0 0 0
1 2.500000 1.500000 1.500000 0 0 0 0 0 0
1 0.500000 2.500000 1.500000 0 0 0 0 0 0
1 1.500000 2.500000 1.500000 0 0 0 0 0 0
1 2.500000 2.500000 1.500000 0 0 0 0 0 0
1 0.500000 0.500000 2.500000 0 0 0 0 0 0
1 1.500000 0.500000 2.500000 0 0 0 0 0 0
1 2.500000 0.500000 2.500000 0 0 0 0 0 0
1 0.500000 1.500000 2.500000 0 0 0 0 0 0
1 1.500000 1.500000 2.500000 0 0 0 0 0 0
1 2.500000 1.500000 2.500000 0 0 0 0 0 0
1 0.500000 2.500000 2.500000 0 0 0 0 0 0
1 1.500000 2.500000 2.500000 0 0 0 0 0 0
1 2.500000 2.500000 2.500000 0 0 0 0 0 0
100 10 1.25 1.25 -5.0 0 0 0 0 0 